[0]
[119, 259]
[57, 58]
[8, 59]
[9, 55]
[10]
[11]
[12]
[13]
[14]
[15]
[16]
[17]
[18]
[19]
[20]
[21]
[22]
[23]
[24]
[25]
[26]
[27]
[28]
[29]
[30]
[31]
[32]
[33]
[34]
[35]
[36]
[39]
[81, 82]
[81, 82]
[39]
[36]
[41]
[42, 43]
[42, 43]
[44]
[44]
[44]
[44]
[44]
[44]
[44]
[44]
[44]
[44]
[44]
[44, 45]
[44, 45]
[44, 45]
[44, 45]
[44, 45]
[44, 45]
[44, 45]
[44, 45]
[44, 45]
[44, 45]
[44, 45]
[44, 45]
[44, 45]
[62, 63]
[60, 61]
[50]
[48]
[44]
[315]
[53, 54]
[53, 54]
[9, 55]
[44, 45]
[315]
[57, 58]
[57, 58]
[8, 59]
[60, 61]
[60, 61]
[60, 61]
[60, 61]
[64]
[65]
[66]
[67]
[68]
[69]
[70]
[71]
[72]
[73]
[74]
[75]
[76]
[77]
[78]
[79]
[80]
[80]
[81, 82]
[81, 82]
[253]
[251, 252]
[251, 252]
[249, 250]
[249, 250]
[83, 84]
[83, 84]
[85, 195]
[86, 196, 248]
[87, 197, 247]
[88, 198, 246]
[89, 199, 245]
[90, 200, 244]
[91, 201, 243]
[92, 202, 242]
[93, 203, 241]
[94, 204, 240]
[95, 205, 239]
[96, 206, 238]
[97, 207, 237]
[98, 208, 236]
[99, 209, 235]
[100, 210, 234]
[101, 180, 211]
[102, 181, 212]
[103, 182, 213]
[104, 183, 214]
[105, 184, 215]
[106, 185, 216]
[107, 186, 217]
[108, 187, 218]
[219]
[220]
[221]
[222]
[223]
[224]
[225]
[226]
[227]
[228]
[229]
[230]
[231]
[232]
[233]
[100, 210, 234]
[99, 209, 235]
[98, 208, 236]
[97, 207, 237]
[96, 206, 238]
[95, 205, 239]
[94, 204, 240]
[93, 203, 241]
[92, 202, 242]
[91, 201, 243]
[90, 200, 244]
[89, 199, 245]
[88, 198, 246]
[87, 197, 247]
[86, 196, 248]
[115, 116]
[115, 116]
[0]
[0]
[0]
[0]
[62, 63]
[62, 63]
[119, 259]
[119, 259]
[55]
[119, 259]
[120, 131, 132, 172]
[121, 122, 129, 130, 133, 134, 170, 171]
[121, 122, 129, 130, 133, 134, 170, 171]
[123, 124, 127, 128, 135, 136, 168, 169]
[123, 124, 127, 128, 135, 136, 168, 169]
[125]
[126]
[123, 124, 127, 128, 135, 136, 168, 169]
[123, 124, 127, 128, 135, 136, 168, 169]
[121, 122, 129, 130, 133, 134, 170, 171]
[121, 122, 129, 130, 133, 134, 170, 171]
[120, 131, 132, 172]
[120, 131, 132, 172]
[121, 122, 129, 130, 133, 134, 170, 171]
[121, 122, 129, 130, 133, 134, 170, 171]
[123, 124, 127, 128, 135, 136, 168, 169]
[123, 124, 127, 128, 135, 136, 168, 169]
[137]
[138, 139]
[138, 139]
[140, 141]
[140, 141]
[142]
[143, 144]
[143, 144]
[145, 146]
[145, 146]
[147]
[148, 149]
[148, 149]
[150, 151]
[150, 151]
[152]
[153]
[154]
[155]
[156]
[157]
[158]
[159]
[160]
[161]
[162]
[163]
[164]
[165]
[166]
[167]
[123, 124, 127, 128, 135, 136, 168, 169]
[123, 124, 127, 128, 135, 136, 168, 169]
[121, 122, 129, 130, 133, 134, 170, 171]
[121, 122, 129, 130, 133, 134, 170, 171]
[120, 131, 132, 172]
[179]
[101, 180, 211]
[102, 181, 212]
[103, 182, 213]
[104, 183, 214]
[105, 184, 215]
[106, 185, 216]
[107, 186, 217]
[108, 187, 218]
[188]
[189]
[190]
[280, 281]
[340]
[348]
[290, 291]
[290, 291]
[290, 291]
[290, 291]
[189]
[189]
[42, 43]
[42, 43]
[119, 259]
[85, 195]
[108, 187, 218]
[107, 186, 217]
[106, 185, 216]
[105, 184, 215]
[104, 183, 214]
[103, 182, 213]
[102, 181, 212]
[101, 180, 211]
[219]
[220]
[221]
[222]
[223]
[224]
[225]
[226]
[227]
[228]
[229]
[230]
[231]
[232]
[233]
[100, 210, 234]
[99, 209, 235]
[98, 208, 236]
[97, 207, 237]
[96, 206, 238]
[95, 205, 239]
[94, 204, 240]
[93, 203, 241]
[92, 202, 242]
[91, 201, 243]
[90, 200, 244]
[89, 199, 245]
[88, 198, 246]
[87, 197, 247]
[86, 196, 248]
[219]
[220]
[221]
[222]
[223]
[224]
[225]
[226]
[227]
[228]
[229]
[230]
[231]
[232]
[233]
[100, 210, 234]
[99, 209, 235]
[98, 208, 236]
[97, 207, 237]
[96, 206, 238]
[95, 205, 239]
[94, 204, 240]
[93, 203, 241]
[92, 202, 242]
[91, 201, 243]
[90, 200, 244]
[89, 199, 245]
[88, 198, 246]
[87, 197, 247]
[86, 196, 248]
[249, 250]
[249, 250]
[251, 252]
[251, 252]
[253]
[119, 259]
[255]
[260, 261]
[260, 261]
[345, 346]
[345, 346]
[290, 291]
[290, 291]
[282, 283]
[282, 283]
[189]
[189]
[42, 43]
[42, 43]
[296]
[269, 270, 297, 298]
[269, 270, 297, 298]
[267]
[300]
[269, 270, 301, 302]
[269, 270, 301, 302]
[271]
[304, 305]
[304, 305]
[348]
[345, 346]
[345, 346]
[290, 291]
[290, 291]
[274, 275]
[274, 275]
[312, 313]
[312, 313]
[42, 43]
[42, 43]
[290, 291]
[290, 291]
[191, 192]
[191, 192]
[189]
[189]
[42, 43]
[42, 43]
[297, 298]
[297, 298]
[297, 298]
[299]
[297, 298]
[301, 302]
[301, 302]
[271]
[303, 304, 305]
[303, 304, 305]
[290, 291]
[290, 291]
[282, 283, 290, 291]
[282, 283, 290, 291]
[312, 313]
[312, 313]
[42, 43]
[42, 43]
[189]
[190]
[314]
[315]
[119, 259]
[3, 6]
[319]
[0]
[0]
[0]
[0]
[320]
[321]
[322]
[323]
[324]
[325]
[326]
[327]
[328]
[329]
[330]
[331]
[332]
[333]
[334]
[335]
[0]
[0]
[0]
[0]
[254]
[254]
[119, 259]
[119, 259]
[119, 259]
[119, 259]
[336, 337]
[336, 337]
[339]
[341, 342]
[341, 342]
[343, 344]
[343, 344]
[345, 346]
[345, 346]
[81, 82]
